/*--------------------------------*- C++ -*----------------------------------*\
| =========                 |                                                 |
| \\      /  F ield         | OpenFOAM: The Open Source CFD Toolbox           |
|  \\    /   O peration     | Version:  4.1                                   |
|   \\  /    A nd           | Web:      www.OpenFOAM.org                      |
|    \\/     M anipulation  |                                                 |
\*---------------------------------------------------------------------------*/
FoamFile
{
    version     2.0;
    format      ascii;
    class       volScalarField;
    location    "0";
    object      thickness;
}
// * * * * * * * * * * * * * * * * * * * * * * * * * * * * * * * * * * * * * //

dimensions      [0 0 0 0 0 0 0];

internalField   uniform 0;

boundaryField
{
    inlet
    {
        type            fixedValue;
        value           uniform 0;
    }
    outlet
    {
        type            fixedValue;
        value           uniform 0;
    }
    walls
    {
        type            fixedValue;
        value           uniform 0;
    }
    front
    {
        type            empty;
    }
    back
    {
        type            empty;
    }
    cylinder1
    {
        type            fixedValue;
        value           nonuniform List<scalar> 
2496
(
0.0079875
0.0079875
0.0079875
0.0079875
0.0079875
0.0079875
0.0079875
0.0079875
0.0079875
0.0079875
0.0079875
0.0079875
0.0079875
0.0079875
0.0079875
0.0079875
0.0079875
0.0079875
0.0079875
0.0079875
0.0079875
0.0079875
0.0079875
0.0079875
0.0079875
0.0079875
0.0079875
0.0079875
0.0079875
0.0079875
0.0079875
0.0079875
0.0079875
0.0079875
0.0079875
0.0079875
0.0079875
0.0079875
0.0079875
0.0079875
0.0079875
0.0079875
0.0079875
0.0079875
0.0079875
0.0079875
0.0079875
0.0079875
0.0079875
0.0079875
0.0079875
0.0079875
0.0079875
0.0079875
0.0079875
0.0079875
0.0079875
0.0079875
0.0079875
0.0079875
0.0079875
0.0079875
0.0079875
0.0079875
0.0079875
0.0079875
0.0079875
0.0079875
0.0079875
0.0079875
0.0079875
0.0079875
0.0079875
0.0079875
0.0079875
0.0079875
0.0079875
0.0079875
0.0079875
0.0079875
0.0079875
0.0079875
0.0079875
0.0079875
0.0079875
0.0079875
0.0079875
0.0079875
0.0079875
0.0079875
0.0079875
0.0079875
0.0079875
0.0079875
0.0079875
0.0079875
0.0079875
0.0079875
0.0079875
0.0079875
0.0079875
0.0079875
0.0079875
0.0079875
0.0079875
0.0079875
0.0079875
0.0079875
0.0079875
0.0079875
0.0079875
0.0079875
0.0079875
0.0079875
0.0079875
0.0079875
0.0079875
0.0079875
0.0079875
0.0079875
0.0079875
0.0079875
0.0079875
0.0079875
0.0079875
0.0079875
0.0079875
0.0079875
0.0079875
0.0079875
0.0079875
0.0079875
0.0079875
0.0079875
0.0079875
0.0079875
0.0079875
0.0079875
0.0079875
0.0079875
0.0079875
0.0079875
0.0079875
0.0079875
0.0079875
0.0079875
0.0079875
0.0079875
0.0079875
0.0079875
0.0079875
0.0079875
0.0079875
0.0079875
0.0079875
0.0079875
0.0079875
0.0079875
0.0079875
0.0079875
0.0079875
0.0079875
0.0079875
0.0079875
0.0079875
0.0079875
0.0079875
0.0079875
0.0079875
0.0079875
0.0079875
0.0079875
0.0079875
0.0079875
0.0079875
0.0079875
0.0079875
0.0079875
0.0079875
0.0079875
0.0079875
0.0079875
0.0079875
0.0079875
0.0079875
0.0079875
0.0079875
0.0079875
0.0079875
0.0079875
0.0079875
0.0079875
0.0079875
0.0079875
0.0079875
0.0079875
0.0079875
0.0079875
0.0079875
0.0079875
0.0079875
0.0079875
0.0079875
0.0079875
0.0079875
0.0079875
0.0079875
0.0079875
0.0079875
0.0079875
0.0079875
0.0079875
0.0079875
0.0079875
0.0079875
0.0079875
0.0079875
0.0079875
0.0079875
0.0079875
0.0079875
0.0079875
0.0079875
0.0079875
0.0079875
0.0079875
0.0079875
0.0079875
0.0079875
0.0079875
0.0079875
0.0079875
0.0079875
0.0079875
0.0079875
0.0079875
0.0079875
0.0079875
0.0079875
0.0079875
0.0079875
0.0079875
0.0079875
0.0079875
0.0079875
0.0079875
0.0079875
0.0079875
0.0079875
0.0079875
0.0079875
0.0079875
0.0079875
0.0079875
0.0079875
0.0079875
0.0079875
0.0079875
0.0079875
0.0079875
0.0079875
0.0079875
0.0079875
0.0079875
0.0079875
0.0079875
0.0079875
0.0079875
0.0079875
0.0079875
0.0079875
0.0079875
0.0079875
0.0079875
0.0079875
0.0079875
0.0079875
0.0079875
0.0079875
0.0079875
0.0079875
0.0079875
0.0079875
0.0079875
0.0079875
0.0079875
0.0079875
0.0079875
0.0079875
0.0079875
0.0079875
0.0079875
0.0079875
0.0079875
0.0079875
0.0079875
0.0079875
0.0079875
0.0079875
0.0079875
0.0079875
0.0079875
0.0079875
0.0079875
0.0079875
0.0079875
0.0079875
0.0079875
0.0079875
0.0079875
0.0079875
0.0079875
0.0079875
0.0079875
0.0079875
0.0079875
0.0079875
0.0079875
0.0079875
0.0079875
0.0079875
0.0079875
0.0079875
0.0079875
0.0079875
0.0079875
0.0079875
0.0079875
0.0079875
0.0079875
0.0079875
0.0079875
0.0079875
0.0079875
0.0079875
0.0079875
0.0079875
0.0079875
0.0079875
0.0079875
0.0079875
0.0079875
0.0079875
0.0079875
0.0079875
0.0079875
0.0079875
0.0079875
0.0079875
0.0079875
0.0079875
0.0079875
0.0079875
0.0079875
0.0079875
0.0079875
0.0079875
0.0079875
0.0079875
0.0079875
0.0079875
0.0079875
0.0079875
0.0079875
0.0079875
0.0079875
0.0079875
0.0079875
0.0079875
0.0079875
0.0079875
0.0079875
0.0079875
0.0079875
0.0079875
0.0079875
0.0079875
0.0079875
0.0079875
0.0079875
0.0079875
0.0079875
0.0079875
0.0079875
0.0079875
0.0079875
0.0079875
0.0079875
0.0079875
0.0079875
0.0079875
0.0079875
0.0079875
0.0079875
0.0079875
0.0079875
0.0079875
0.0079875
0.0079875
0.0079875
0.0079875
0.0079875
0.0079875
0.0079875
0.0079875
0.0079875
0.0079875
0.0079875
0.0079875
0.0079875
0.0079875
0.0079875
0.0079875
0.0079875
0.0079875
0.0079875
0.0079875
0.0079875
0.0079875
0.0079875
0.0079875
0.0079875
0.0079875
0.0079875
0.0079875
0.0079875
0.0079875
0.0079875
0.0079875
0.0079875
0.0079875
0.0079875
0.0079875
0.0079875
0.0079875
0.0079875
0.0079875
0.0079875
0.0079875
0.0079875
0.0079875
0.0079875
0.0079875
0.0079875
0.0079875
0.0079875
0.0079875
0.0079875
0.0079875
0.0079875
0.0079875
0.0079875
0.0079875
0.0079875
0.0079875
0.0079875
0.0079875
0.0079875
0.0079875
0.0079875
0.0079875
0.0079875
0.0079875
0.0079875
0.0079875
0.0079875
0.0079875
0.0079875
0.0079875
0.0079875
0.0079875
0.0079875
0.0079875
0.0079875
0.0079875
0.0079875
0.0079875
0.0079875
0.0079875
0.0079875
0.0079875
0.0079875
0.0079875
0.0079875
0.0079875
0.0079875
0.0079875
0.0079875
0.0079875
0.0079875
0.0079875
0.0079875
0.0079875
0.0079875
0.0079875
0.0079875
0.0079875
0.0079875
0.0079875
0.0079875
0.0079875
0.0079875
0.0079875
0.0079875
0.0079875
0.0079875
0.0079875
0.0079875
0.0079875
0.0079875
0.0079875
0.0079875
0.0079875
0.0079875
0.0079875
0.0079875
0.0079875
0.0079875
0.0079875
0.0079875
0.0079875
0.0079875
0.0079875
0.0079875
0.0079875
0.0079875
0.0079875
0.0079875
0.0079875
0.0079875
0.0079875
0.0079875
0.0079875
0.0079875
0.0079875
0.0079875
0.0079875
0.0079875
0.0079875
0.0079875
0.0079875
0.0079875
0.0079875
0.0079875
0.0079875
0.0079875
0.0079875
0.0079875
0.0079875
0.0079875
0.0079875
0.0079875
0.0079875
0.0079875
0.0079875
0.0079875
0.0079875
0.0079875
0.0079875
0.0079875
0.0079875
0.0079875
0.0079875
0.0079875
0.0079875
0.0079875
0.0079875
0.0079875
0.0079875
0.0079875
0.0079875
0.0079875
0.0079875
0.0079875
0.0079875
0.0079875
0.0079875
0.0079875
0.0079875
0.0079875
0.0079875
0.0079875
0.0079875
0.0079875
0.0079875
0.0079875
0.0079875
0.0079875
0.0079875
0.0079875
0.0079875
0.0079875
0.0079875
0.0079875
0.0079875
0.0079875
0.0079875
0.0079875
0.0079875
0.0079875
0.0079875
0.0079875
0.0079875
0.0079875
0.0079875
0.0079875
0.0079875
0.0079875
0.0079875
0.0079875
0.0079875
0.0079875
0.0079875
0.0079875
0.0079875
0.0079875
0.0079875
0.0079875
0.0079875
0.0079875
0.0079875
0.0079875
0.0079875
0.0079875
0.0079875
0.0079875
0.0079875
0.0079875
0.0079875
0.0079875
0.0079875
0.0079875
0.0079875
0.0079875
0.0079875
0.0079875
0.0079875
0.0079875
0.0079875
0.0079875
0.0079875
0.0079875
0.0079875
0.0079875
0.0079875
0.0079875
0.0079875
0.0079875
0.0079875
0.0079875
0.0079875
0.0079875
0.0079875
0.0079875
0.0079875
0.0079875
0.0079875
0.0079875
0.0079875
0.0079875
0.0079875
0.0079875
0.0079875
0.0079875
0.0079875
0.0079875
0.0079875
0.0079875
0.0079875
0.0079875
0.0079875
0.0079875
0.0079875
0.0079875
0.0079875
0.0079875
0.0079875
0.0079875
0.0079875
0.0079875
0.0079875
0.0079875
0.0079875
0.0079875
0.0079875
0.0079875
0.0079875
0.0079875
0.0079875
0.0079875
0.0079875
0.0079875
0.0079875
0.0079875
0.0079875
0.0079875
0.0079875
0.0079875
0.0079875
0.0079875
0.0079875
0.0079875
0.0079875
0.0079875
0.0079875
0.0079875
0.0079875
0.0079875
0.0079875
0.0079875
0.0079875
0.0079875
0.0079875
0.0079875
0.0079875
0.0079875
0.0079875
0.0079875
0.0079875
0.0079875
0.0079875
0.0079875
0.0079875
0.0079875
0.0079875
0.0079875
0.0079875
0.0079875
0.0079875
0.0079875
0.0079875
0.0079875
0.0079875
0.0079875
0.0079875
0.0079875
0.0079875
0.0079875
0.0079875
0.0079875
0.0079875
0.0079875
0.0079875
0.0079875
0.0079875
0.0079875
0.0079875
0.0079875
0.0079875
0.0079875
0.0079875
0.0079875
0.0079875
0.0079875
0.0079875
0.0079875
0.0079875
0.0079875
0.0079875
0.0079875
0.0079875
0.0079875
0.0079875
0.0079875
0.0079875
0.0079875
0.0079875
0.0079875
0.0079875
0.0079875
0.0079875
0.0079875
0.0079875
0.0079875
0.0079875
0.0079875
0.0079875
0.0079875
0.0079875
0.0079875
0.0079875
0.0079875
0.0079875
0.0079875
0.0079875
0.0079875
0.0079875
0.0079875
0.0079875
0.0079875
0.0079875
0.0079875
0.0079875
0.0079875
0.0079875
0.0079875
0.0079875
0.0079875
0.0079875
0.0079875
0.0079875
0.0079875
0.0079875
0.0079875
0.0079875
0.0079875
0.0079875
0.0079875
0.0079875
0.0079875
0.0079875
0.0079875
0.0079875
0.0079875
0.0079875
0.0079875
0.0079875
0.0079875
0.0079875
0.0079875
0.0079875
0.0079875
0.0079875
0.0079875
0.0079875
0.0079875
0.0079875
0.0079875
0.0079875
0.0079875
0.0079875
0.0079875
0.0079875
0.0079875
0.0079875
0.0079875
0.0079875
0.0079875
0.0079875
0.0079875
0.0079875
0.0079875
0.0079875
0.0079875
0.0079875
0.0079875
0.0079875
0.0079875
0.0079875
0.0079875
0.0079875
0.0079875
0.0079875
0.0079875
0.0079875
0.0079875
0.0079875
0.0079875
0.0079875
0.0079875
0.0079875
0.0079875
0.0079875
0.0079875
0.0079875
0.0079875
0.0079875
0.0079875
0.0079875
0.0079875
0.0079875
0.0079875
0.0079875
0.0079875
0.0079875
0.0079875
0.0079875
0.0079875
0.0079875
0.0079875
0.0079875
0.0079875
0.0079875
0.0079875
0.0079875
0.0079875
0.0079875
0.0079875
0.0079875
0.0079875
0.0079875
0.0079875
0.0079875
0.0079875
0.0079875
0.0079875
0.0079875
0.0079875
0.0079875
0.0079875
0.0079875
0.0079875
0.0079875
0.0079875
0.0079875
0.0079875
0.0079875
0.0079875
0.0079875
0.0079875
0.0079875
0.0079875
0.0079875
0.0079875
0.0079875
0.0079875
0.0079875
0.0079875
0.0079875
0.0079875
0.0079875
0.0079875
0.0079875
0.0079875
0.0079875
0.0079875
0.0079875
0.0079875
0.0079875
0.0079875
0.0079875
0.0079875
0.0079875
0.0079875
0.0079875
0.0079875
0.0079875
0.0079875
0.0079875
0.0079875
0.0079875
0.0079875
0.0079875
0.0079875
0.0079875
0.0079875
0.0079875
0.0079875
0.0079875
0.0079875
0.0079875
0.0079875
0.0079875
0.0079875
0.0079875
0.0079875
0.0079875
0.0079875
0.0079875
0.0079875
0.0079875
0.0079875
0.0079875
0.0079875
0.0079875
0.0079875
0.0079875
0.0079875
0.0079875
0.0079875
0.0079875
0.0079875
0.0079875
0.0079875
0.0079875
0.0079875
0.0079875
0.0079875
0.0079875
0.0079875
0.0079875
0.0079875
0.0079875
0.0079875
0.0079875
0.0079875
0.0079875
0.0079875
0.0079875
0.0079875
0.0079875
0.0079875
0.0079875
0.0079875
0.0079875
0.0079875
0.0079875
0.0079875
0.0079875
0.0079875
0.0079875
0.0079875
0.0079875
0.0079875
0.0079875
0.0079875
0.0079875
0.0079875
0.0079875
0.0079875
0.0079875
0.0079875
0.0079875
0.0079875
0.0079875
0.0079875
0.0079875
0.0079875
0.0079875
0.0079875
0.0079875
0.0079875
0.0079875
0.0079875
0.0079875
0.0079875
0.0079875
0.0079875
0.0079875
0.0079875
0.0079875
0.0079875
0.0079875
0.0079875
0.0079875
0.0079875
0.0079875
0.0079875
0.0079875
0.0079875
0.0079875
0.0079875
0.0079875
0.0079875
0.0079875
0.0079875
0.0079875
0.0079875
0.0079875
0.0079875
0.0079875
0.0079875
0.0079875
0.0079875
0.0079875
0.0079875
0.0079875
0.0079875
0.0079875
0.0079875
0.0079875
0.0079875
0.0079875
0.0079875
0.0079875
0.0079875
0.0079875
0.0079875
0.0079875
0.0079875
0.0079875
0.0079875
0.0079875
0.0079875
0.0079875
0.0079875
0.0079875
0.0079875
0.0079875
0.0079875
0.0079875
0.0079875
0.0079875
0.0079875
0.0079875
0.0079875
0.0079875
0.0079875
0.0079875
0.0079875
0.0079875
0.0079875
0.0079875
0.0079875
0.0079875
0.0079875
0.0079875
0.0079875
0.0079875
0.0079875
0.0079875
0.0079875
0.0079875
0.0079875
0.0079875
0.0079875
0.0079875
0.0079875
0.0079875
0.0079875
0.0079875
0.0079875
0.0079875
0.0079875
0.0079875
0.0079875
0.0079875
0.0079875
0.0079875
0.0079875
0.0079875
0.0079875
0.0079875
0.0079875
0.0079875
0.0079875
0.0079875
0.0079875
0.0079875
0.0079875
0.0079875
0.0079875
0.0079875
0.0079875
0.0079875
0.0079875
0.0079875
0.0079875
0.0079875
0.0079875
0.0079875
0.0079875
0.0079875
0.0079875
0.0079875
0.0079875
0.0079875
0.0079875
0.0079875
0.0079875
0.0079875
0.0079875
0.0079875
0.0079875
0.0079875
0.0079875
0.0079875
0.0079875
0.0079875
0.0079875
0.0079875
0.0079875
0.0079875
0.0079875
0.0079875
0.0079875
0.0079875
0.0079875
0.0079875
0.0079875
0.0079875
0.0079875
0.0079875
0.0079875
0.0079875
0.0079875
0.0079875
0.0079875
0.0079875
0.0079875
0.0079875
0.0079875
0.0079875
0.0079875
0.0079875
0.0079875
0.0079875
0.0079875
0.0079875
0.0079875
0.0079875
0.0079875
0.0079875
0.0079875
0.0079875
0.0079875
0.0079875
0.0079875
0.0079875
0.0079875
0.0079875
0.0079875
0.0079875
0.0079875
0.0079875
0.0079875
0.0079875
0.0079875
0.0079875
0.0079875
0.0079875
0.0079875
0.0079875
0.0079875
0.0079875
0.0079875
0.0079875
0.0079875
0.0079875
0.0079875
0.0079875
0.0079875
0.0079875
0.0079875
0.0079875
0.0079875
0.0079875
0.0079875
0.0079875
0.0079875
0.0079875
0.0079875
0.0079875
0.0079875
0.0079875
0.0079875
0.0079875
0.0079875
0.0079875
0.0079875
0.0079875
0.0079875
0.0079875
0.0079875
0.0079875
0.0079875
0.0079875
0.0079875
0.0079875
0.0079875
0.0079875
0.0079875
0.0079875
0.0079875
0.0079875
0.0079875
0.0079875
0.0079875
0.0079875
0.0079875
0.0079875
0.0079875
0.0079875
0.0079875
0.0079875
0.0079875
0.0079875
0.0079875
0.0079875
0.0079875
0.0079875
0.0079875
0.0079875
0.0079875
0.0079875
0.0079875
0.0079875
0.0079875
0.0079875
0.0079875
0.0079875
0.0079875
0.0079875
0.0079875
0.0079875
0.0079875
0.0079875
0.0079875
0.0079875
0.0079875
0.0079875
0.0079875
0.0079875
0.0079875
0.0079875
0.0079875
0.0079875
0.0079875
0.0079875
0.0079875
0.0079875
0.0079875
0.0079875
0.0079875
0.0079875
0.0079875
0.0079875
0.0079875
0.0079875
0.0079875
0.0079875
0.0079875
0.0079875
0.0079875
0.0079875
0.0079875
0.0079875
0.0079875
0.0079875
0.0079875
0.0079875
0.0079875
0.0079875
0.0079875
0.0079875
0.0079875
0.0079875
0.0079875
0.0079875
0.0079875
0.0079875
0.0079875
0.0079875
0.0079875
0.0079875
0.0079875
0.0079875
0.0079875
0.0079875
0.0079875
0.0079875
0.0079875
0.0079875
0.0079875
0.0079875
0.0079875
0.0079875
0.0079875
0.0079875
0.0079875
0.0079875
0.0079875
0.0079875
0.0079875
0.0079875
0.0079875
0.0079875
0.0079875
0.0079875
0.0079875
0.0079875
0.0079875
0.0079875
0.0079875
0.0079875
0.0079875
0.0079875
0.0079875
0.0079875
0.0079875
0.0079875
0.0079875
0.0079875
0.0079875
0.0079875
0.0079875
0.0079875
0.0079875
0.0079875
0.0079875
0.0079875
0.0079875
0.0079875
0.0079875
0.0079875
0.0079875
0.0079875
0.0079875
0.0079875
0.0079875
0.0079875
0.0079875
0.0079875
0.0079875
0.0079875
0.0079875
0.0079875
0.0079875
0.0079875
0.0079875
0.0079875
0.0079875
0.0079875
0.0079875
0.0079875
0.0079875
0.0079875
0.0079875
0.0079875
0.0079875
0.0079875
0.0079875
0.0079875
0.0079875
0.0079875
0.0079875
0.0079875
0.0079875
0.0079875
0.0079875
0.0079875
0.0079875
0.0079875
0.0079875
0.0079875
0.0079875
0.0079875
0.0079875
0.0079875
0.0079875
0.0079875
0.0079875
0.0079875
0.0079875
0.0079875
0.0079875
0.0079875
0.0079875
0.0079875
0.0079875
0.0079875
0.0079875
0.0079875
0.0079875
0.0079875
0.0079875
0.0079875
0.0079875
0.0079875
0.0079875
0.0079875
0.0079875
0.0079875
0.0079875
0.0079875
0.0079875
0.0079875
0.0079875
0.0079875
0.0079875
0.0079875
0.0079875
0.0079875
0.0079875
0.0079875
0.0079875
0.0079875
0.0079875
0.0079875
0.0079875
0.0079875
0.0079875
0.0079875
0.0079875
0.0079875
0.0079875
0.0079875
0.0079875
0.0079875
0.0079875
0.0079875
0.0079875
0.0079875
0.0079875
0.0079875
0.0079875
0.0079875
0.0079875
0.0079875
0.0079875
0.0079875
0.0079875
0.0079875
0.0079875
0.0079875
0.0079875
0.0079875
0.0079875
0.0079875
0.0079875
0.0079875
0.0079875
0.0079875
0.0079875
0.0079875
0.0079875
0.0079875
0.0079875
0.0079875
0.0079875
0.0079875
0.0079875
0.0079875
0.0079875
0.0079875
0.0079875
0.0079875
0.0079875
0.0079875
0.0079875
0.0079875
0.0079875
0.0079875
0.0079875
0.0079875
0.0079875
0.0079875
0.0079875
0.0079875
0.0079875
0.0079875
0.0079875
0.0079875
0.0079875
0.0079875
0.0079875
0.0079875
0.0079875
0.0079875
0.0079875
0.0079875
0.0079875
0.0079875
0.0079875
0.0079875
0.0079875
0.0079875
0.0079875
0.0079875
0.0079875
0.0079875
0.0079875
0.0079875
0.0079875
0.0079875
0.0079875
0.0079875
0.0079875
0.0079875
0.0079875
0.0079875
0.0079875
0.0079875
0.0079875
0.0079875
0.0079875
0.0079875
0.0079875
0.0079875
0.0079875
0.0079875
0.0079875
0.0079875
0.0079875
0.0079875
0.0079875
0.0079875
0.0079875
0.0079875
0.0079875
0.0079875
0.0079875
0.0079875
0.0079875
0.0079875
0.0079875
0.0079875
0.0079875
0.0079875
0.0079875
0.0079875
0.0079875
0.0079875
0.0079875
0.0079875
0.0079875
0.0079875
0.0079875
0.0079875
0.0079875
0.0079875
0.0079875
0.0079875
0.0079875
0.0079875
0.0079875
0.0079875
0.0079875
0.0079875
0.0079875
0.0079875
0.0079875
0.0079875
0.0079875
0.0079875
0.0079875
0.0079875
0.0079875
0.0079875
0.0079875
0.0079875
0.0079875
0.0079875
0.0079875
0.0079875
0.0079875
0.0079875
0.0079875
0.0079875
0.0079875
0.0079875
0.0079875
0.0079875
0.0079875
0.0079875
0.0079875
0.0079875
0.0079875
0.0079875
0.0079875
0.0079875
0.0079875
0.0079875
0.0079875
0.0079875
0.0079875
0.0079875
0.0079875
0.0079875
0.0079875
0.0079875
0.0079875
0.0079875
0.0079875
0.0079875
0.0079875
0.0079875
0.0079875
0.0079875
0.0079875
0.0079875
0.0079875
0.0079875
0.0079875
0.0079875
0.0079875
0.0079875
0.0079875
0.0079875
0.0079875
0.0079875
0.0079875
0.0079875
0.0079875
0.0079875
0.0079875
0.0079875
0.0079875
0.0079875
0.0079875
0.0079875
0.0079875
0.0079875
0.0079875
0.0079875
0.0079875
0.0079875
0.0079875
0.0079875
0.0079875
0.0079875
0.0079875
0.0079875
0.0079875
0.0079875
0.0079875
0.0079875
0.0079875
0.0079875
0.0079875
0.0079875
0.0079875
0.0079875
0.0079875
0.0079875
0.0079875
0.0079875
0.0079875
0.0079875
0.0079875
0.0079875
0.0079875
0.0079875
0.0079875
0.0079875
0.0079875
0.0079875
0.0079875
0.0079875
0.0079875
0.0079875
0.0079875
0.0079875
0.0079875
0.0079875
0.0079875
0.0079875
0.0079875
0.0079875
0.0079875
0.0079875
0.0079875
0.0079875
0.0079875
0.0079875
0.0079875
0.0079875
0.0079875
0.0079875
0.0079875
0.0079875
0.0079875
0.0079875
0.0079875
0.0079875
0.0079875
0.0079875
0.0079875
0.0079875
0.0079875
0.0079875
0.0079875
0.0079875
0.0079875
0.0079875
0.0079875
0.0079875
0.0079875
0.0079875
0.0079875
0.0079875
0.0079875
0.0079875
0.0079875
0.0079875
0.0079875
0.0079875
0.0079875
0.0079875
0.0079875
0.0079875
0.0079875
0.0079875
0.0079875
0.0079875
0.0079875
0.0079875
0.0079875
0.0079875
0.0079875
0.0079875
0.0079875
0.0079875
0.0079875
0.0079875
0.0079875
0.0079875
0.0079875
0.0079875
0.0079875
0.0079875
0.0079875
0.0079875
0.0079875
0.0079875
0.0079875
0.0079875
0.0079875
0.0079875
0.0079875
0.0079875
0.0079875
0.0079875
0.0079875
0.0079875
0.0079875
0.0079875
0.0079875
0.0079875
0.0079875
0.0079875
0.0079875
0.0079875
0.0079875
0.0079875
0.0079875
0.0079875
0.0079875
0.0079875
0.0079875
0.0079875
0.0079875
0.0079875
0.0079875
0.0079875
0.0079875
0.0079875
0.0079875
0.0079875
0.0079875
0.0079875
0.0079875
0.0079875
0.0079875
0.0079875
0.0079875
0.0079875
0.0079875
0.0079875
0.0079875
0.0079875
0.0079875
0.0079875
0.0079875
0.0079875
0.0079875
0.0079875
0.0079875
0.0079875
0.0079875
0.0079875
0.0079875
0.0079875
0.0079875
0.0079875
0.0079875
0.0079875
0.0079875
0.0079875
0.0079875
0.0079875
0.0079875
0.0079875
0.0079875
0.0079875
0.0079875
0.0079875
0.0079875
0.0079875
0.0079875
0.0079875
0.0079875
0.0079875
0.0079875
0.0079875
0.0079875
0.0079875
0.0079875
0.0079875
0.0079875
0.0079875
0.0079875
0.0079875
0.0079875
0.0079875
0.0079875
0.0079875
0.0079875
0.0079875
0.0079875
0.0079875
0.0079875
0.0079875
0.0079875
0.0079875
0.0079875
0.0079875
0.0079875
0.0079875
0.0079875
0.0079875
0.0079875
0.0079875
0.0079875
0.0079875
0.0079875
0.0079875
0.0079875
0.0079875
0.0079875
0.0079875
0.0079875
0.0079875
0.0079875
0.0079875
0.0079875
0.0079875
0.0079875
0.0079875
0.0079875
0.0079875
0.0079875
0.0079875
0.0079875
0.0079875
0.0079875
0.0079875
0.0079875
0.0079875
0.0079875
0.0079875
0.0079875
0.0079875
0.0079875
0.0079875
0.0079875
0.0079875
0.0079875
0.0079875
0.0079875
0.0079875
0.0079875
0.0079875
0.0079875
0.0079875
0.0079875
0.0079875
0.0079875
0.0079875
0.0079875
0.0079875
0.0079875
0.0079875
0.0079875
0.0079875
0.0079875
0.0079875
0.0079875
0.0079875
0.0079875
0.0079875
0.0079875
0.0079875
0.0079875
0.0079875
0.0079875
0.0079875
0.0079875
0.0079875
0.0079875
0.0079875
0.0079875
0.0079875
0.0079875
0.0079875
0.0079875
0.0079875
0.0079875
0.0079875
0.0079875
0.0079875
0.0079875
0.0079875
0.0079875
0.0079875
0.0079875
0.0079875
0.0079875
0.0079875
0.0079875
0.0079875
0.0079875
0.0079875
0.0079875
0.0079875
0.0079875
0.0079875
0.0079875
0.0079875
0.0079875
0.0079875
0.0079875
0.0079875
0.0079875
0.0079875
0.0079875
0.0079875
0.0079875
0.0079875
0.0079875
0.0079875
0.0079875
0.0079875
0.0079875
0.0079875
0.0079875
0.0079875
0.0079875
0.0079875
0.0079875
0.0079875
0.0079875
0.0079875
0.0079875
0.0079875
0.0079875
0.0079875
0.0079875
0.0079875
0.0079875
0.0079875
0.0079875
0.0079875
0.0079875
0.0079875
0.0079875
0.0079875
0.0079875
0.0079875
0.0079875
0.0079875
0.0079875
0.0079875
0.0079875
0.0079875
0.0079875
0.0079875
0.0079875
0.0079875
0.0079875
0.0079875
0.0079875
0.0079875
0.0079875
0.0079875
0.0079875
0.0079875
0.0079875
0.0079875
0.0079875
0.0079875
0.0079875
0.0079875
0.0079875
0.0079875
0.0079875
0.0079875
0.0079875
0.0079875
0.0079875
0.0079875
0.0079875
0.0079875
0.0079875
0.0079875
0.0079875
0.0079875
0.0079875
0.0079875
0.0079875
0.0079875
0.0079875
0.0079875
0.0079875
0.0079875
0.0079875
0.0079875
0.0079875
0.0079875
0.0079875
0.0079875
0.0079875
0.0079875
0.0079875
0.0079875
0.0079875
0.0079875
0.0079875
0.0079875
0.0079875
0.0079875
0.0079875
0.0079875
0.0079875
0.0079875
0.0079875
0.0079875
0.0079875
0.0079875
0.0079875
0.0079875
0.0079875
0.0079875
0.0079875
0.0079875
0.0079875
0.0079875
0.0079875
0.0079875
0.0079875
0.0079875
0.0079875
0.0079875
0.0079875
0.0079875
0.0079875
0.0079875
0.0079875
0.0079875
0.0079875
0.0079875
0.0079875
0.0079875
0.0079875
0.0079875
0.0079875
0.0079875
0.0079875
0.0079875
0.0079875
0.0079875
0.0079875
0.0079875
0.0079875
0.0079875
0.0079875
0.0079875
0.0079875
0.0079875
0.0079875
0.0079875
0.0079875
0.0079875
0.0079875
0.0079875
0.0079875
0.0079875
0.0079875
0.0079875
0.0079875
0.0079875
0.0079875
0.0079875
0.0079875
0.0079875
0.0079875
0.0079875
0.0079875
0.0079875
0.0079875
0.0079875
0.0079875
0.0079875
0.0079875
0.0079875
0.0079875
0.0079875
0.0079875
0.0079875
0.0079875
0.0079875
0.0079875
0.0079875
0.0079875
0.0079875
0.0079875
0.0079875
0.0079875
0.0079875
0.0079875
0.0079875
0.0079875
0.0079875
0.0079875
0.0079875
0.0079875
0.0079875
0.0079875
0.0079875
0.0079875
0.0079875
0.0079875
0.0079875
0.0079875
0.0079875
0.0079875
0.0079875
0.0079875
0.0079875
0.0079875
0.0079875
0.0079875
0.0079875
0.0079875
0.0079875
0.0079875
0.0079875
0.0079875
0.0079875
0.0079875
0.0079875
0.0079875
0.0079875
0.0079875
0.0079875
0.0079875
0.0079875
0.0079875
0.0079875
0.0079875
0.0079875
0.0079875
0.0079875
0.0079875
0.0079875
0.0079875
0.0079875
0.0079875
0.0079875
0.0079875
0.0079875
0.0079875
0.0079875
0.0079875
0.0079875
0.0079875
0.0079875
0.0079875
0.0079875
0.0079875
0.0079875
0.0079875
0.0079875
0.0079875
0.0079875
0.0079875
0.0079875
0.0079875
0.0079875
0.0079875
0.0079875
0.0079875
0.0079875
0.0079875
0.0079875
0.0079875
0.0079875
0.0079875
0.0079875
0.0079875
0.0079875
0.0079875
0.0079875
0.0079875
0.0079875
0.0079875
0.0079875
0.0079875
0.0079875
0.0079875
0.0079875
0.0079875
0.0079875
0.0079875
0.0079875
0.0079875
0.0079875
0.0079875
0.0079875
0.0079875
0.0079875
0.0079875
0.0079875
0.0079875
0.0079875
0.0079875
0.0079875
0.0079875
0.0079875
0.0079875
0.0079875
0.0079875
0.0079875
0.0079875
0.0079875
0.0079875
0.0079875
0.0079875
0.0079875
0.0079875
0.0079875
0.0079875
0.0079875
0.0079875
0.0079875
0.0079875
0.0079875
0.0079875
0.0079875
0.0079875
0.0079875
0.0079875
0.0079875
0.0079875
0.0079875
0.0079875
0.0079875
0.0079875
0.0079875
0.0079875
0.0079875
0.0079875
0.0079875
0.0079875
0.0079875
0.0079875
0.0079875
0.0079875
0.0079875
0.0079875
0.0079875
0.0079875
0.0079875
0.0079875
0.0079875
0.0079875
0.0079875
0.0079875
0.0079875
0.0079875
0.0079875
0.0079875
0.0079875
0.0079875
0.0079875
0.0079875
0.0079875
0.0079875
0.0079875
0.0079875
0.0079875
0.0079875
0.0079875
0.0079875
0.0079875
0.0079875
0.0079875
0.0079875
0.0079875
0.0079875
0.0079875
0.0079875
0.0079875
0.0079875
0.0079875
0.0079875
0.0079875
0.0079875
0.0079875
0.0079875
0.0079875
0.0079875
0.0079875
0.0079875
0.0079875
0.0079875
0.0079875
0.0079875
0.0079875
0.0079875
0.0079875
0.0079875
0.0079875
0.0079875
0.0079875
0.0079875
0.0079875
0.0079875
0.0079875
0.0079875
0.0079875
0.0079875
0.0079875
0.0079875
0.0079875
0.0079875
0.0079875
0.0079875
0.0079875
0.0079875
0.0079875
0.0079875
0.0079875
0.0079875
0.0079875
0.0079875
0.0079875
0.0079875
0.0079875
0.0079875
0.0079875
0.0079875
0.0079875
0.0079875
0.0079875
0.0079875
0.0079875
0.0079875
0.0079875
0.0079875
0.0079875
0.0079875
0.0079875
0.0079875
0.0079875
0.0079875
0.0079875
0.0079875
0.0079875
0.0079875
0.0079875
0.0079875
0.0079875
0.0079875
0.0079875
0.0079875
0.0079875
0.0079875
0.0079875
0.0079875
0.0079875
0.0079875
0.0079875
0.0079875
0.0079875
0.0079875
0.0079875
0.0079875
0.0079875
0.0079875
0.0079875
0.0079875
0.0079875
0.0079875
0.0079875
0.0079875
0.0079875
0.0079875
0.0079875
0.0079875
0.0079875
0.0079875
0.0079875
0.0079875
0.0079875
0.0079875
0.0079875
0.0079875
0.0079875
0.0079875
0.0079875
0.0079875
0.0079875
0.0079875
0.0079875
0.0079875
0.0079875
0.0079875
0.0079875
0.0079875
0.0079875
0.0079875
0.0079875
0.0079875
0.0079875
0.0079875
)
;
    }
    cyl_triangle
    {
        type            fixedValue;
        value           nonuniform List<scalar> 
2096
(
0
0
0
0
0
0
0
0
0
0
0
0
0
0
0
0
0.0079875
0.0079875
0.00798733
0.0079875
0.0079875
0.0079875
0.0079875
0.0079875
0.0079875
0.0079875
0.0079875
0.0079875
0.0079875
0.00798733
0.00798586
0.00751112
0.00757974
0.0079844
0.0079875
0.0079875
0.0079875
0.0079875
0.0079875
0.0079875
0.0079875
0.0079875
0.0079875
0.0079875
0.0079875
0.0079875
0.0079875
0.0079875
0.0079875
0.0079875
0.0079875
0.0079875
0.0079875
0.0079875
0.0079875
0.0079875
0.0079875
0.0079875
0.0079875
0.0079875
0.0079875
0.0079875
0.0079875
0.0079875
0.0079875
0.0079875
0.0079875
0.0079875
0.0079875
0.0079875
0.00798736
0.0079875
0.0079875
0.00798717
0.00798541
0.00798626
0.0079875
0.0079875
0.0079875
0.0079875
0.0079875
0.0079875
0.0079875
0.0079875
0.0079875
0.0079875
0.0079875
0.0079875
0.0079875
0.0079875
0.007925
0.00794299
0.00798742
0.00798736
0.0079875
0.0079875
0.00798717
0.00798586
0.00751109
0.00757959
0.0079844
0.00798736
0.0079875
0.0079875
0.00798717
0.0079875
0.0079875
0.0079875
0.0079875
0.0079875
0.0079875
0.0079875
0.0079875
0.0079875
0.0079875
0.0079875
0.0079875
0.0079875
0.0079875
0.0079875
0.0079875
0.0079875
0.0079875
0.0079875
0.0079875
0.0079875
0.0079875
0.0079875
0.0079875
0.0079875
0.0079875
0.0079875
0.0079875
0.0079875
0.0079875
0.0079875
0.0079875
0.0079875
0.0079875
0.0079875
0.0079875
0.0079875
0.0079875
0.0079875
0.0079875
0.0079875
0.0079875
0.0079875
0.0079875
0.0079875
0.0079875
0.0079875
0.0079875
0.0079875
0.0079875
0.0079875
0.0079875
0.0079875
0.0079875
0.0079875
0.0079875
0.0079875
0.0079875
0.0079875
0.0079875
0.0079875
0.0079875
0.0079875
0.0079875
0.0079875
0.0079875
0.0079875
0.0079875
0.0079875
0.0079875
0.0079875
0.0079875
0.0079875
0.0079875
0.0079875
0.0079875
0.0079875
0.0079875
0.0079875
0.0079875
0.0079875
0.0079875
0.0079875
0.0079875
0.0079875
0.0079875
0.0079875
0.0079875
0.0079875
0.0079875
0.0079875
0.0079875
0.0079875
0.0079875
0.0079875
0.0079875
0.0079875
0.0079875
0.0079875
0.0079875
0.0079875
0.0079875
0.0079875
0.0079875
0.0079875
0.0079875
0.0079875
0.0079875
0.00798586
0.00751112
0.00757974
0.0079844
0.00798736
0.0079875
0.0079875
0.00798717
0.00798586
0.00751109
0.00757959
0.0079844
0.00798541
0.00798626
0.00798541
0.00798626
0.00798541
0.00798626
0.0079875
0.0079875
0.0079875
0.0079875
0.0079875
0.0079875
0.0079875
0.0079875
0.0079875
0.0079875
0.0079875
0.0079875
0.0079875
0.0079875
0.0079875
0.0079875
0.0079875
0.0079875
0.0079875
0.0079875
0.0079875
0.0079875
0.0079875
0.0079875
0.0079875
0.0079875
0.0079875
0.0079875
0.0079875
0.0079875
0.0079875
0.0079875
0.0079875
0.0079875
0.0079875
0.0079875
0.0079875
0.0079875
0.0079875
0.0079875
0.0079875
0.0079875
0.0079875
0.0079875
0.0079875
0.0079875
0.0079875
0.0079875
0.0079875
0.0079875
0.0079875
0.0079875
0.0079875
0.0079875
0.0079875
0.0079875
0.0079875
0.0079875
0.0079875
0.0079875
0.00793018
0.00794453
0.00191639
0.00203925
0.00793018
0.00794391
0.00792592
0.00794325
0.00201351
0.00205428
0.00193073
0.00204177
0.00648474
0.00660752
0.0079875
0.0079875
0.0079875
0.0079875
0.0079875
0.0079875
0.0079875
0.0079875
0.00798738
0.00798618
0.0079865
0.0079875
0.0079875
0.0079875
0.0079875
0.0079875
0.0079875
0.0079875
0.0079875
0.0079875
0.0079875
0.0079875
0.0079875
0.0079875
0.0079875
0.0079875
0.0079875
0.0079875
0.0079875
0.0079875
0.0079875
0.0079875
0.0079875
0.0079875
0.0079875
0.0079875
0.0079875
0.0079875
0.0079875
0.0079875
0.0079875
0.0079875
0.0079875
0.0079875
0.0079875
0.0079875
0.0079875
0.0079875
0.0079875
0.0079875
0.0079875
0.0079875
0.0079875
0.0079875
0.0079875
0.0079875
0.0079875
0.0079875
0.0079875
0.0079875
0.0079875
0.0079875
0.0079875
0.0079875
0.0079875
0.0079875
0.0079875
0.0079875
0.0079875
0.0079875
0.00798618
0.0079865
0.00648474
0.00660752
0.00648465
0.00660719
0.00797361
0.00798536
0.00797087
0.00754975
0.00787145
0.00788489
0.00789795
0.00756489
0.00789136
0.00798488
0.00796582
0.00796834
0.0079875
0.0079875
0.0079875
0.0079875
0.0079875
0.0079875
0.0079875
0.0079875
0.0079875
0.0079875
0.0079875
0.0079875
0.0079875
0.0079875
0.0079875
0.0079875
0.0079875
0.0079875
0.0079875
0.0079875
0.0079875
0.0079875
0.0079875
0.0079875
0.0079875
0.0079875
0.0079875
0.0079875
0.0079875
0.0079875
0.0079875
0.0079875
0.0079875
0.0079875
0.0079875
0.0079875
0.0079875
0.0079875
0.0079875
0.0079875
0.0079875
0.0079875
0.0079875
0.0079875
0.0079875
0.0079875
0.0079875
0.0079875
0.0079875
0.0079875
0.0079875
0.0079875
0.0079875
0.0079875
0.0079875
0.0079875
0.0079875
0.0079875
0.0079875
0.0079875
0.0079875
0.0079875
0.0079875
0.0079875
0.0079875
0.0079875
0.0079875
0.0079875
0.0079875
0.0079875
0.0079875
0.0079875
0.0079875
0.0079875
0.0079875
0.0079875
0.0079875
0.0079875
0.0079875
0.0079875
0.0079875
0.0079875
0.0079875
0.0079875
0.0079875
0.0079875
0.0079875
0.0079875
0.0079875
0.0079875
0.0079875
0.0079875
0.0079875
0.0079875
0.0079875
0.0079875
0.0079875
0.0079875
0.0079875
0.0079875
0.0079875
0.0079875
0.0079875
0.0079875
0.0079875
0.0079875
0.0079875
0.0079875
0.00798749
0.0079873
0.00798749
0.0079875
0.0079875
0.0079875
0.0079875
0.0079875
0.0079875
0.00798723
0.00798747
0.00798748
0.00648465
0.00660719
0.0079859
0.00798608
0.00797542
0.00797764
0.00797929
0.00797847
0.0079875
0.0079875
0.0079875
0.0079875
0.0079875
0.0079875
0.0079875
0.0079875
0.0079875
0.0079875
0.0079875
0.0079875
0.0079875
0.0079875
0.0079875
0.0079875
0.0079875
0.0079875
0.0079875
0.0079875
0.0079875
0.0079875
0.0079875
0.0079875
0.0079875
0.0079875
0.0079875
0.0079875
0.0079875
0.0079875
0.0079875
0.0079875
0.0079875
0.0079875
0.0079875
0.0079875
0.0079875
0.0079875
0.0079875
0.0079875
0.0079875
0.0079875
0.0079875
0.0079875
0.0079875
0.0079875
0.0079875
0.0079875
0.0079875
0.0079875
0.0079875
0.0079875
0.00793414
0.00793954
0.0079874
0.00798673
0.00798662
0.00798749
0.0079873
0.00798749
0.0079875
0.0079875
0.0079875
0.0079875
0.0079875
0.0079875
0.00798723
0.00798747
0.00798748
0.0079736
0.00798535
0.00797086
0.00754959
0.00787144
0.00788485
0.00789791
0.00756459
0.00789128
0.00798487
0.00796581
0.00796834
0.00798749
0.0079873
0.00798749
0.0079875
0.0079875
0.0079875
0.0079875
0.0079875
0.0079875
0.00798723
0.00798747
0.00798748
0.0079875
0.0079875
0.0079875
0.0079875
0.0079875
0.0079875
0.0079875
0.0079875
0.0079875
0.0079875
0.0079875
0.0079875
0.0079875
0.0079875
0.0079875
0.0079875
0.0079875
0.0079875
0.0079875
0.0079875
0.0079875
0.0079875
0.0079875
0.0079875
0.0079875
0.0079875
0.0079875
0.0079875
0.0079875
0.0079875
0.0079875
0.0079875
0.0079875
0.0079875
0.0079875
0.0079875
0.0079875
0.0079875
0.0079875
0.0079875
0.0079875
0.0079875
0.0079875
0.0079875
0.0079875
0.0079875
0.0079875
0.0079875
0.0079875
0.0079875
0.0079875
0.0079875
0.0079875
0.0079875
0.0079875
0.0079875
0.0079875
0.0079875
0.0079875
0.0079875
0.0079875
0.0079875
0.0079875
0.0079875
0.0079875
0.0079875
0.0079875
0.0079875
0.0079875
0.0079875
0.0079875
0.0079875
0.0079875
0.0079875
0.0079875
0.0079875
0.0079875
0.0079875
0.0079875
0.0079875
0.0079875
0.0079875
0.0079875
0.0079875
0.0079875
0.0079875
0.0079875
0.0079875
0.0079875
0.0079875
0.0079875
0.0079875
0.0079875
0.0079875
0.0079875
0.0079875
0.0079875
0.0079875
0.0079875
0.0079875
0.0079875
0.0079875
0.0079875
0.0079875
0.0079875
0.0079875
0.0079875
0.0079875
0.0079875
0.0079875
0.0079875
0.0079875
0.0079875
0.0079875
0.0079875
0.0079875
0.0079875
0.0079875
0.0079875
0.0079875
0.0079875
0.0079875
0.0079875
0.0079875
0.0079875
0.0079875
0.0079875
0.0079875
0.0079875
0.0079875
0.0079875
0.0079875
0.0079875
0.0079875
0.0079875
0.0079875
0.0079875
0.0079875
0.0079875
0.0079875
0.0079875
0.0079875
0.0079875
0.0079875
0.0079875
0.0079875
0.0079875
0.0079875
0.0079875
0.0079875
0.0079875
0.0079875
0.0079875
0.0079875
0.0079875
0.0079875
0.0079875
0.0079875
0.0079875
0.0079875
0.0079875
0.0079875
0.0079875
0.0079875
0.0079875
0.0079875
0.0079875
0.0079875
0.0079875
0.0079875
0.0079875
0.0079875
0.0079875
0.0079875
0.0079875
0.0079875
0.0079875
0.0079875
0.0079875
0.0079875
0.0079875
0.0079875
0.0079875
0.0079875
0.0079875
0.0079875
0.0079875
0.0079875
0.0079875
0.0079875
0.0079875
0.0079875
0.0079875
0.0079875
0.0079875
0.0079875
0.0079875
0.0079875
0.0079875
0.0079875
0.0079875
0.0079875
0.0079875
0.0079875
0.0079875
0.0079875
0.0079875
0.0079875
0.0079875
0.0079875
0.0079875
0.0079875
0.0079875
0.0079875
0.0079875
0.0079875
0.0079875
0.0079875
0.0079875
0.0079875
0.0079875
0.0079875
0.0079875
0.0079875
0.0079875
0.0079875
0.0079875
0.0079875
0.0079875
0.0079875
0.0079875
0.0079875
0.0079875
0.0079875
0.0079875
0.0079875
0.0079875
0.0079875
0.0079875
0.0079875
0.0079875
0.0079875
0.0079875
0.0079875
0.0079875
0.0079875
0.0079875
0.0079875
0.0079875
0.0079875
0.0079875
0.0079875
0.0079875
0.0079875
0.0079875
0.0079875
0.0079875
0.0079875
0.0079875
0.0079875
0.0079875
0.0079875
0.0079875
0.0079875
0.0079875
0.0079875
0.0079875
0.0079875
0.0079875
0.0079875
0.0079875
0.0079875
0.0079875
0.0079875
0.0079875
0.0079875
0.0079875
0.0079875
0.0079875
0.0079875
0.0079875
0.0079875
0.0079875
0.0079875
0.0079875
0.0079875
0.0079875
0.0079875
0.0079875
0.0079875
0.0079875
0.0079875
0.0079875
0.0079875
0.0079875
0.0079875
0.0079875
0.0079875
0.0079875
0.0079875
0.0079875
0.0079875
0.0079875
0.0079875
0.0079875
0.0079875
0.0079875
0.0079875
0.0079875
0.0079875
0.0079875
0.0079875
0.0079875
0.0079875
0.0079875
0.0079875
0.0079875
0.0079875
0.0079875
0.0079875
0.0079875
0.0079875
0.0079875
0.0079875
0.00797361
0.00798536
0.00797087
0.00754975
0.00787145
0.00788489
0.00789795
0.00756489
0.00789136
0.00798488
0.00796582
0.00796834
0.00798749
0.0079873
0.00798749
0.0079875
0.0079875
0.0079875
0.0079875
0.0079875
0.0079875
0.00798723
0.00798747
0.00798748
0.0079736
0.00798535
0.00797086
0.00754959
0.00787144
0.00788485
0.00789791
0.00756459
0.00789128
0.00798487
0.00796581
0.00796834
0.00797542
0.00797764
0.00797928
0.00797846
0.00798749
0.00798749
0.0079875
0.0079859
0.00798608
0.00798749
0.0079873
0.00798736
0.00798749
0.0079875
0.0079859
0.00798608
0.00798749
0.00798749
0.0079875
0.0079859
0.00798608
0.00798749
0.0079873
0.00798749
0.0079875
0.0079875
0.0079875
0.0079875
0.0079875
0.0079875
0.0079875
0.0079875
0.0079875
0.0079875
0.0079875
0.0079875
0.0079875
0.0079875
0.0079875
0.0079875
0.0079875
0.0079875
0.0079875
0.0079875
0.0079875
0.0079875
0.0079875
0.0079875
0.0079875
0.0079875
0.0079875
0.0079875
0.0079875
0.0079875
0.0079875
0.0079875
0.0079875
0.0079875
0.0079875
0.0079875
0.0079875
0.0079875
0.0079875
0.0079875
0.0079875
0.0079875
0.0079875
0.0079875
0.0079875
0.0079875
0.0079875
0.0079875
0.0079875
0.0079875
0.0079875
0.0079875
0.0079875
0.0079875
0.0079875
0.0079875
0.0079875
0.0079875
0.0079875
0.0079875
0.0079875
0.0079875
0.0079875
0.0079875
0.0079875
0.0079875
0.0079875
0.0079875
0.0079875
0.0079875
0.0079875
0.0079875
0.0079875
0.0079875
0.0079875
0.0079875
0.0079875
0.0079875
0.0079875
0.0079875
0.0079875
0.0079875
0.0079875
0.0079875
0.0079875
0.0079875
0.0079875
0.0079875
0.0079875
0.0079875
0.0079875
0.0079875
0.0079875
0.0079875
0.0079875
0.0079875
0.0079875
0.0079875
0.0079875
0.0079875
0.0079875
0.0079875
0.0079875
0.0079875
0.0079875
0.0079875
0.0079875
0.0079875
0.0079875
0.0079875
0.0079875
0.0079875
0.0079875
0.0079875
0.0079875
0.0079875
0.0079875
0.0079875
0.0079875
0.0079875
0.0079875
0.0079875
0.0079875
0.0079875
0.0079875
0.0079875
0.0079875
0.0079875
0.0079875
0.0079875
0.0079875
0.0079875
0.0079875
0.0079875
0.0079875
0.0079875
0.0079875
0.0079875
0.0079875
0.0079875
0.0079875
0.0079875
0.0079875
0.0079875
0.0079875
0.0079875
0.0079875
0.0079875
0.0079875
0.0079875
0.0079875
0.0079875
0.0079875
0.0079875
0.0079875
0.0079875
0.0079875
0.0079875
0.0079875
0.0079875
0.0079875
0.0079875
0.0079875
0.0079875
0.0079875
0.0079875
0.0079875
0.0079875
0.0079875
0.0079875
0.0079875
0.0079875
0.0079875
0.0079875
0.0079875
0.0079875
0.0079875
0.0079875
0.0079875
0.0079875
0.0079875
0.0079875
0.0079875
0.0079875
0.0079875
0.0079875
0.0079875
0.0079875
0.0079875
0.0079875
0.0079875
0.0079875
0.0079875
0.0079875
0.0079875
0.0079875
0.0079875
0.0079875
0.0079875
0.0079875
0.0079875
0.0079875
0.0079875
0.0079875
0.0079875
0.0079875
0.0079875
0.0079875
0.0079875
0.0079875
0.0079875
0.0079875
0.0079875
0.0079875
0.0079875
0.0079875
0.0079875
0.0079875
0.0079875
0.0079875
0.0079875
0.0079875
0.0079875
0.0079875
0.0079875
0.0079875
0.0079875
0.0079875
0.0079875
0.0079875
0.0079875
0.0079875
0.0079875
0.0079875
0.0079875
0.0079875
0.0079875
0.0079875
0.0079875
0.0079875
0.0079875
0.0079875
0.0079875
0.0079875
0.0079875
0.0079875
0.0079875
0.0079875
0.0079875
0.0079875
0.0079875
0.0079875
0.00798672
0.00798661
0.00793808
0.0079796
0.00794248
0.00707695
0.0070321
0.00529701
0.00195492
0.00539685
0.00200976
0.00713613
0.00709551
0.00542503
0.00207679
0.00793769
0.00797927
0.00794166
0.00793501
0.00794008
0.00713425
0.00709548
0.00541642
0.00203482
0.00205613
0.00708894
0.00769017
0.00704365
0.00532761
0.006808
0.00686512
0.0068082
0.00686499
0.006808
0.00655341
0.00440405
0.0044768
0.00658077
0.00453465
0.00450608
0.00159031
0.00157794
0.00153387
0.00156525
0.00655341
0.00440405
0.0044768
0.00658077
0.00453465
0.00450608
0.00159031
0.00157794
0.00153387
0.00156525
0.00217388
0.00655304
0.0044039
0.00447634
0.00658012
0.00453426
0.00450529
0.00159013
0.00157757
0.00153377
0.00156503
0.00217424
0.00691038
0.00221551
0.00655304
0.0044039
0.00447634
0.00658012
0.00453426
0.00450529
0.00159013
0.00157757
0.00153377
0.00156502
0.00691017
0.00767929
0.00790093
0.0079875
0.0079875
0.0079875
0.00767929
0.00767936
0.00790095
0.00767936
0.0079875
0.0079875
0.0079875
0.0079875
0.0079875
0.00798731
0.00798749
0.00798749
0.00798749
0.00798732
0.00798749
0.0068082
0.00773207
0.00792404
0.0079875
0.0079875
0.0079875
0.0079875
0.0079875
0.0079875
0.0079875
0.0079875
0.0079875
0.0079875
0.0079875
0.0079875
0.0079875
0.0079875
0.0079875
0.00798741
0.00773207
0.00792404
0.0077315
0.00792352
0.0079875
0.0079875
0.0079875
0.0079875
0.0079875
0.0079875
0.0079875
0.0079875
0.0079875
0.0079875
0.0077315
0.0079875
0.0079875
0.0079875
0.0079875
0.0079875
0.0079875
0.0079875
0.0079875
0.0079875
0.0079875
0.0079875
0.0079875
0.0079875
0.0079875
0.0079875
0.0079875
0.0079875
0.0079875
0.0079875
0.0079875
0.0079875
0.0079875
0.0079875
0.0079875
0.0079875
0.0079875
0.0079875
0.0079875
0.0079875
0.0079875
0.0079875
0.0079875
0.0079875
0.0079875
0.0079875
0.0079875
0.0079875
0.0079875
0.0079875
0.0079875
0.0079875
0.0079875
0.0079875
0.0079875
0.0079875
0.0079875
0.0079875
0.0079875
0.0079875
0.0079875
0.0079875
0.0079875
0.0079875
0.0079875
0.0079875
0.0079875
0.0079875
0.0079875
0.0079875
0.0079875
0.0079875
0.0079875
0.0079875
0.0079875
0.0079875
0.0079875
0.0079875
0.0079875
0.0079875
0.0079875
0.0079875
0.0079875
0.0079875
0.0079875
0.0079875
0.0079875
0.0079875
0.00798742
0.0079875
0.0079875
0.0079875
0.0079875
0.0079875
0.0079875
0.0079875
0.0079875
0.0079875
0.00200591
0.00206745
0.00798741
0.00790093
0.00770692
0.00791194
0.0079875
0.0079875
0.0079875
0.0079875
0.0079875
0.0079875
0.0079875
0.0079875
0.00798737
0.00798605
0.00797337
0.00798641
0.00770692
0.00791194
0.00770689
0.00791195
0.00790095
0.00791195
0.00770689
0.0079875
0.0079875
0.0079875
0.0079875
0.0079875
0.0079875
0.0079875
0.0079875
0.0079875
0.0079875
0.0079875
0.0079875
0.0079875
0.0079875
0.0079875
0.0079875
0.0079875
0.0079875
0.0079875
0.0079875
0.0079875
0.0079875
0.0079875
0.0079875
0.0079875
0.0079875
0.0079875
0.0079875
0.0079875
0.0079875
0.0079875
0.0079875
0.0079875
0.0079875
0.0079875
0.0079875
0.0079875
0.0079875
0.0079875
0.0079875
0.0079875
0.0079875
0.0079875
0.0079875
0.0079875
0.0079875
0.0079875
0.0079875
0.0079875
0.0079875
0.0079875
0.0079875
0.0079875
0.0079875
0.0079875
0.0079875
0.0079875
0.0079875
0.00798749
0.00798749
0.00798738
0.0079875
0.00798749
0.0079875
0.00798749
0.00797458
0.00797696
0.0079746
0.00798737
0.00798607
0.00797357
0.00798643
0.0079762
0.00691038
0.00691017
0.00792286
0.00797542
0.0079873
0.00797764
0.00798736
0.00798741
0.00797929
0.00797847
0.00772443
0.00792286
0.0079875
0.0079875
0.0079875
0.0079875
0.0079875
0.0079875
0.0079875
0.0079875
0.0079875
0.0079875
0.0079875
0.0079875
0.0079875
0.0079875
0.0079875
0.0079875
0.0079875
0.0079875
0.0079875
0.0079875
0.0079875
0.0079875
0.0079875
0.0079875
0.0079875
0.0079875
0.0079875
0.0079875
0.0079875
0.0079875
0.0079875
0.0079875
0.0079875
0.0079875
0.0079875
0.0079875
0.0079875
0.0079875
0.0079875
0.0079875
0.0079875
0.0079875
0.0079875
0.0079875
0.0079875
0.0079875
0.0079875
0.0079875
0.0079875
0.0079875
0.0079875
0.0079875
0.0079875
0.0079875
0.0079875
0.0079875
0.0079875
0.0079875
0.0079875
0.0079875
0.0079875
0.00797935
0.00798669
0.00798655
0.00797603
0.00766057
0.00768576
0.00797878
0.00773315
0.00772443
0.00772381
0.00792235
0.0079875
0.0079875
0.00798739
0.0079875
0.0079875
0.0079875
0.0079875
0.0079875
0.0079875
0.0079875
0.00798741
0.0079875
0.00798739
0.0079875
0.0079875
0.0079875
0.0079875
0.0079875
0.0079875
0.0079873
0.00798736
0.0079875
0.0079875
0.00798741
0.00798739
0.0079875
0.0079875
0.0079875
0.0079875
0.0079875
0.00792352
0.00797542
0.00798736
0.00797764
0.00797928
0.00797846
0.0079875
0.0079875
0.00798741
0.0079875
0.0079875
0.00798739
0.0079875
0.0079875
0.0079875
0.0079875
0.0079875
0.00772381
0.00792235
0.0079875
0.0079875
0.0079875
0.0079875
0.0079875
0.0079875
0.0079875
0.0079875
0.0079875
0.0079875
0.0079875
0.0079875
0.0079875
0.0079875
0.0079875
0.0079875
0.0079875
0.0079875
0.0079875
0.0079875
0.0079875
0.0079875
0.0079875
0.0079875
0.0079875
0.0079875
0.0079875
0.0079875
0.0079875
0.0079875
0.0079875
0.0079875
0.0079875
0.0079875
0.0079875
0.0079875
0.0079875
0.0079875
0.0079875
0.0079875
0.0079875
0.0079875
0.0079875
0.0079875
0.0079875
0.0079875
0.0079875
0.0079875
0.0079875
0.0079875
0.0079875
0.0079875
0.0079875
0.0079875
0.0079875
0.0079875
0.0079875
0.0079875
0.0079875
0.0079875
0.0079875
0.0079875
0.0079875
0.0079875
0.0079875
0.0079875
0.0079875
0.0079875
0.0079875
0.0079875
0.0079875
0.0079875
0.0079875
0.0079875
0.0079875
0.0079875
0.0079875
0.0079875
0.0079875
0.0079875
0.0079875
0.0079875
0.0079875
0.0079875
0.0079875
0.0079875
0.0079875
0.0079875
0.0079875
0.0079875
0.0079875
0.0079875
0.0079875
0.0079875
0.0079875
0.0079875
0.0079875
0.0079875
0.0079875
0.0079875
0.0079875
0.0079875
0.0079875
0.0079875
0.0079875
0.0079875
0.0079875
0.0079875
0.0079875
0.0079875
0.0079875
0.0079875
0.0079875
0.0079875
0.0079875
0.0079875
0.0079875
0.0079875
0.0079875
0.0079875
0.0079875
0.0079875
0.0079875
0.0079875
0.0079875
0.0079875
0.0079875
0.0079875
0.0079875
0.0079875
0.0079875
0.0079875
0.0079875
0.0079875
0.0079875
0.0079875
0.0079875
0.0079875
0.0079875
0.0079875
0.0079875
0.0079875
0.0079875
0.0079875
0.0079875
0.0079875
0.0079875
0.0079875
0.0079875
0.0079875
0.0079875
0.0079875
0.0079875
0.0079875
0.0079875
0.0079875
0.0079875
0.0079875
0.0079875
0.0079875
0.0079875
0.0079875
0.0079875
0.0079875
0.0079875
0.0079875
0.0079875
0.0079875
0.0079875
0.0079875
0.0079875
0.0079875
0.0079875
0.0079875
0.0079875
0.0079875
0.0079875
0.0079875
0.0079875
0.0079875
0.0079875
0.0079875
0.0079875
0.0079875
0.0079875
0.0079875
0.0079875
0.0079875
0.0079875
0.0079875
0.0079875
0.0079875
0.0079875
0.0079875
0.0079875
0.0079875
0.0079875
0.0079875
0.0079875
0.0079875
0.0079875
0.0079875
0.0079875
0.0079875
0.0079875
0.0079875
0.0079875
0.0079875
0.0079875
0.0079875
0.0079875
0.0079875
0.0079875
0.0079875
0.0079875
0.0079875
0.0079875
0.0079875
0.0079875
0.0079875
0.0079875
0.0079875
0.0079875
0.0079875
0.0079875
0.0079875
0.0079875
0.0079875
0.0079875
0.0079875
0.0079875
0.0079875
0.0079875
0.0079875
0.0079875
0.0079875
0.0079875
0.0079875
0.0079875
0.0079875
0.0079875
0.0079875
0.0079875
0.0079875
0.0079875
0.0079875
0.0079875
0.0079875
0.0079875
0.0079875
0.0079875
0.0079875
0.0079875
0.0079875
0.0079875
0.0079875
0.0079875
0.0079875
0.0079875
0.0079875
0.0079875
0.0079875
0.0079875
0.0079875
0.0079875
0.0079875
0.0079875
0.0079875
0.0079875
0.0079875
0.0079875
0.0079875
0.0079875
0.0079875
0.0079875
0.0079875
0.0079875
0.0079875
0.0079875
0.0079875
0.0079875
0.0079875
0.0079875
0.0079875
0.0079875
0.0079875
0.00798749
0.00798739
0.0079875
0.0079875
0.0079875
0.0079875
0.0079875
0.0079875
0.0079875
0.0079874
0.0079875
0.0079875
0.0079875
0.0079875
0.0079875
0.0079875
0.0079875
0.0079875
0.0079875
0.0079875
0.0079875
0.0079875
0.0079875
0.0079875
0.0079875
0.0079875
0.0079875
0.0079875
0.00798749
0.00798739
0.0079875
0.0079875
0.0079875
0.00768481
0.00770728
0.00797932
0.00715124
0.00771782
0.00718599
0.00544876
0.0020422
0.00523203
0.00719269
0.00549282
0.00773879
0.00773279
0.00720053
0.00548718
0.00536479
0.00797892
0.00797685
0.00768468
0.00770635
0.00772904
0.00797917
0.0079867
0.00797863
0.00798657
0.00766495
0.00773536
0.00718216
0.00546494
0.0077356
0.0071913
0.00197723
0.00537248
0.00546767
0.00202373
0.00716332
0.00541942
0.00719241
0.00545594
0.00772199
0.00525427
0.00525866
0.00519244
0.00525893
0.00519297
0.00686512
0.00525866
0.00519244
0.00686499
0.00525893
0.00519297
0.00688801
0.00531592
0.00534414
0.00221551
0.00222847
0.00214637
0.00688758
0.00531461
0.00534281
0.00221451
0.0022273
0.00214676
0.00688801
0.00531592
0.00534414
0.00217388
0.00222847
0.00214637
0.00688758
0.00531461
0.00534281
0.00217424
0.00221451
0.0022273
0.00214676
)
;
    }
}


// ************************************************************************* //
